"TotalCredit" <-
structure(c(74902, 75235, 75813, 76655, 77337, 78190, 79025, 
79543, 79949, 80588, 81088, 81622, 81596, 81720, 82049, 82504, 
82769, 83063, 83891, 84377, 84624, 85046, 85582, 86074, 86239, 
86454, 87200, 87933, 88597, 89506, 90501, 91214, 92185, 92873, 
93859, 94837, 95580, 96130, 97117, 98229, 99222, 100139, 101185, 
102253, 103013, 104074, 105293, 106288, 107184, 108290, 109562, 
111062, 112568, 114001, 115469, 116536, 117676, 119151, 120568, 
122651, 124032, 125344, 126960, 129189, 131121, 132922, 135462, 
136913, 138129, 139585, 141532, 143045, 144446, 145906, 147256, 
149044, 150734, 152360, 154364, 155842, 157106, 158708, 161037, 
162428, 164053, 165456, 167888, 169617, 171645, 174076, 176502, 
178191, 180144, 181842, 183951, 186521, 188213, 190666, 193403, 
195481, 198176, 201371, 204269, 206453, 208568, 211098, 213246, 
215381, 217679, 220185, 223088, 225827, 228132, 230506, 233949, 
236008, 238382, 241925, 245511, 249427, 252862, 255764, 259530, 
263029, 266777, 270482, 275324, 278916, 282128, 286276, 288933, 
292241, 294862, 297798, 302478, 306600, 310149, 313701, 317557, 
319546, 322186, 326032, 330160, 333794, 337573, 342335, 347503, 
353395, 358474, 366084, 373824, 378421, 381653, 385140, 388067, 
387610, 388824, 391095, 394737, 396132, 397873, 399748, 401600, 
402142, 401950, 402394, 401699, 402047, 401738, 402276, 403927, 
404875, 404559, 406016, 408148, 410016, 410937, 412657, 414502, 
415758, 416147, 419516, 424235, 426953, 429730, 431929, 436113, 
437105, 438006, 439774, 442169, 443972, 446985, 449916, 454876, 
458292, 460125, 463327, 467933, 472907, 478134, 480959, 485126, 
488726, 491802, 494384, 499469, 504950, 508730, 513210, 517913, 
520662, 525120, 530854, 534061, 539216, 542034, 545040, 550919, 
556078, 563228, 571155, 578866, 584280, 590640, 597059, 603896, 
608747, 611583, 616333, 627888, 634134, 639776, 646495, 653156, 
659836, 668301, 675253, 682559, 686933, 691826, 697074, 705430, 
712275, 721428, 728333, 736073, 742803, 751861, 762150, 769346, 
775377, 782328, 790147, 797700, 804672, 810633, 815727, 821217, 
823049, 827140, 829668, 831601, 833382, 834763, 836700, 841447, 
844975, 847088, 848364, 854317, 858140, 861601, 865132, 866547, 
868140, 869392, 869455, 875001, 878206, 878825, 883956, 886957, 
886446, 891230, 896161, 898486, 897754, 895437, 896611, 900957, 
902427, 906380, 909701, 912272, 916864, 919246, 921537, 927431, 
931233, 931841, 937545, 946696, 956365, 958138, 963715, 969915, 
972614, 977550, 979241, 981261, 985827, 987076, 991385, 997698, 
1000072, 1003695, 1005653, 1012125, 1019511, 1021864, 1024312, 
1029666, 1032993, 1033156, 1037474, 1045607, 1048020, 1053747, 
1060206, 1066419, 1069469, 1075714, 1081613, 1088696, 1095516, 
1101967, 1109929, 1123433, 1131786, 1140110, 1147349, 1155332, 
1164642, 1175519, 1187544, 1198486, 1206675, 1211876, 1221164, 
1233171, 1242100, 1249597, 1259724, 1269725, 1278577, 1280106, 
1282378, 1286441, 1290401, 1292802, 1294033, 1306287, 1312027, 
1320077, 1326784, 1337765, 1343465, 1349992, 1355399, 1362143, 
1369566, 1373183, 1384016, 1399384, 1412689, 1420165, 1427982, 
1435421, 1438005, 1444760, 1452518, 1461403, 1465217, 1465250, 
1470515, 1476236, 1478446, 1485554, 1492173, 1501759, 1509421, 
1519325, 1524331, 1531070, 1541200, 1540283, 1545529, 1557042, 
1565358, 1571981, 1579170, 1588805, 1597404, 1604617, 1613084, 
1617449, 1619694, 1619075, 1623888, 1631754, 1636176, 1641492, 
1650091, 1662542, 1669785, 1677923, 1687353, 1695892, 1701312, 
1706142, 1713159, 1724057, 1735431, 1750808, 1770776, 1786968, 
1798251, 1804652, 1815628, 1829737, 1845304, 1848136, 1857234, 
1869900, 1880756, 1894309, 1912406, 1931033, 1944268, 1959916, 
1974606, 1985302, 1999894, 2007786, 2020358, 2033349, 2046289, 
2061571, 2076938, 2095417, 2106245, 2116032, 2121861, 2139519, 
2156810, 2163166, 2177652, 2199161), .Dim = as.integer(c(459, 
1)), .Dimnames = list(NULL, "Total credit"), .Tsp = c(1969, 2007.16666666667, 
12), class = "ts", seriesNames = "Total credit")
"ConsumerCredit" <-
structure(c(11326, 11066, 11084, 11181, 11343, 11551, 11708, 
11775, 11889, 12035, 12392, 12686, 12718, 12695, 12745, 12899, 
13181, 13511, 13734, 13868, 14042, 14232, 14619, 15037, 15172, 
15202, 15337, 15689, 16140, 16461, 16651, 16803, 16990, 17223, 
17584, 17869, 18025, 18120, 18306, 18710, 19102, 19404, 19674, 
19789, 19875, 20071, 20539, 20917, 21047, 21070, 21112, 21286, 
21648, 21999, 22298, 22601, 22795, 23014, 23716, 24143, 24112, 
24131, 24287, 24622, 25085, 25586, 26046, 26374, 26641, 26987, 
27600, 28068, 28193, 28291, 28506, 28821, 29177, 29546, 29889, 
30132, 30353, 30579, 31138, 31654, 31828, 32000, 32363, 32832, 
33327, 33893, 34438, 34792, 35133, 35547, 36126, 36742, 36871, 
36852, 37124, 37691, 38463, 39311, 39927, 40362, 40696, 40872, 
41372, 41717, 41822, 41994, 42305, 42738, 43083, 43354, 43598, 
43817, 44163, 44626, 45630, 46405, 46603, 46694, 47027, 47607, 
48300, 48673, 49017, 49544, 49638, 49557, 48881, 49373, 49107, 
48656, 48421, 48392, 48303, 48175, 47983, 47772, 47632, 47591, 
47723, 48317, 48264, 47704, 47490, 47698, 47894, 48353, 48283, 
48481, 48699, 48588, 49379, 50436, 50615, 50177, 50177, 50374, 
50781, 51354, 51432, 51741, 51982, 52020, 53237, 54438, 55030, 
54861, 55040, 55200, 55652, 56498, 57154, 57661, 58188, 58872, 
60426, 62006, 62303, 62210, 62247, 62393, 62741, 63413, 64390, 
64748, 65162, 65908, 65958, 66811, 67528, 67652, 68282, 69295, 
70418, 71183, 72211, 72815, 73756, 74458, 75337, 76329, 76898, 
76755, 77617, 78628, 79850, 81244, 82112, 82820, 84033, 84782, 
85565, 86112, 86676, 86909, 88042, 88321, 89226, 90584, 91477, 
92100, 93186, 93996, 94768, 96399, 97625, 97557, 98420, 98833, 
99222, 99793, 99739, 99868, 100561, 101069, 101138, 101169, 100993, 
100328, 100682, 101309, 101941, 102184, 102019, 101864, 101966, 
102213, 101892, 102012, 102179, 101360, 102138, 102780, 103368, 
103979, 103773, 103309, 103672, 103650, 102746, 102717, 102754, 
102245, 103348, 103532, 104154, 104856, 105443, 106168, 106940, 
107254, 108048, 109302, 110028, 109618, 111557, 112134, 112441, 
112986, 113577, 113991, 115298, 116189, 117317, 118347, 119153, 
118831, 120239, 120354, 120920, 121558, 122087, 122489, 123929, 
124445, 125404, 125915, 126036, 126291, 128822, 128773, 128704, 
129279, 129575, 129907, 131650, 132829, 133640, 135141, 135801, 
136711, 140305, 140920, 141785, 142722, 143379, 143131, 146080, 
146517, 148361, 150707, 151921, 152758, 155528, 156202, 156887, 
158228, 159147, 158100, 159257, 159728, 159995, 161774, 162074, 
162325, 165196, 165513, 166505, 168070, 168662, 169090, 171277, 
172728, 174396, 177621, 180234, 181340, 185414, 186188, 188342, 
189996, 191180, 192452, 194364, 195716, 196255, 197687, 198830, 
198800, 200106, 200957, 202049, 203756, 204018, 204318, 205327, 
204819, 205313, 206883, 206892, 207521, 210505, 211682, 213165, 
215141, 216306, 218657, 221410, 222697, 223700, 225521, 225248, 
225577, 227427, 228913, 231528, 234485, 237492, 238100, 240167, 
241184, 242782, 244840, 245324, 245790, 249068, 251159, 254699, 
259240, 261748, 263845, 265865, 267954, 269906, 272717, 273152, 
274089, 277622, 280155, 284037, 287800, 290926, 294039, 297974, 
299915, 301925, 305386, 306648, 307053, 310707, 312579, 316756, 
320385, 322563, 325000, 328355, 329293, 332339, 335680, 337169, 
337950, 343141), .Dim = as.integer(c(435, 1)), .Dimnames = list(
    NULL, "Consumer credit"), .Tsp = c(1971, 2007.16666666667, 
12), class = "ts", seriesNames = "Consumer credit")
