`TotalCredit` <-
structure(c(75095, 75442, 76033, 76885, 77572, 78430, 79268, 
79787, 80193, 80834, 81338, 81875, 81856, 81991, 82330, 82794, 
83067, 83369, 84203, 84693, 84944, 85364, 85894, 86380, 86547, 
86771, 87525, 88262, 88924, 89831, 90823, 91533, 92501, 93196, 
94199, 95194, 95948, 96502, 97493, 98611, 99609, 100533, 101583, 
102651, 103413, 104478, 105705, 106709, 107611, 108721, 109996, 
111501, 113012, 114451, 115927, 117006, 118157, 119644, 121072, 
123167, 124565, 125900, 127539, 129789, 131738, 133556, 136103, 
137552, 138766, 140218, 142159, 143666, 145081, 146570, 147950, 
149768, 151487, 153142, 155162, 156643, 157909, 159510, 161833, 
163218, 164843, 166250, 168687, 170431, 172485, 174947, 177396, 
179095, 181057, 182769, 184894, 187480, 189178, 191628, 194361, 
196443, 199146, 202352, 205261, 207455, 209583, 212129, 214298, 
216455, 218761, 221264, 224163, 226904, 229219, 231601, 235061, 
237143, 239539, 243103, 246707, 250640, 254113, 257070, 260890, 
264437, 268228, 271974, 276825, 280393, 283584, 287708, 290340, 
293622, 296231, 299170, 303854, 307973, 311513, 315057, 318908, 
320889, 323522, 327435, 331701, 335472, 339319, 344076, 349236, 
355126, 360190, 367769, 375476, 380037, 383235, 386707, 389636, 
389184, 390395, 392657, 396286, 397664, 399381, 401231, 403052, 
403556, 403328, 403759, 403078, 403439, 403134, 403664, 405309, 
406239, 405893, 407320, 409413, 411239, 412117, 413803, 415627, 
416861, 417241, 420614, 425337, 428045, 430801, 432980, 437138, 
438097, 438965, 440712, 443097, 444890, 447903, 450845, 455816, 
459221, 461024, 464256, 468844, 473747, 478954, 481769, 485936, 
489535, 492643, 495286, 500431, 505938, 509704, 514170, 518852, 
521572, 526001, 531699, 534861, 539969, 542786, 545833, 551754, 
556872, 563956, 571882, 579598, 585015, 591376, 597797, 604630, 
609470, 612321, 617112, 628709, 634970, 640598, 647301, 653958, 
660568, 668962, 675912, 683206, 687570, 692479, 697769, 706166, 
713023, 722157, 729042, 736766, 743485, 752531, 762808, 769988, 
776001, 782968, 790830, 798428, 805415, 811366, 816449, 821922, 
823728, 827794, 830292, 832191, 833936, 835350, 837384, 842229, 
845806, 847916, 849186, 855138, 858966, 862430, 865963, 867381, 
868973, 870222, 870279, 875818, 879014, 879624, 884722, 887694, 
887171, 891941, 896869, 899193, 898462, 896144, 897317, 901649, 
903107, 907045, 910343, 912914, 917532, 919933, 922230, 928129, 
931953, 932580, 938285, 947431, 957111, 958884, 964440, 970637, 
973338, 978272, 979957, 981988, 986572, 987820, 992138, 998458, 
1000830, 1004454, 1006390, 1012836, 1020192, 1022481, 1024913, 
1030343, 1033751, 1033930, 1038232, 1046356, 1048753, 1054444, 
1060862, 1067040, 1070054, 1076292, 1082170, 1089219, 1096059, 
1102540, 1110500, 1124059, 1132410, 1140669, 1147893, 1155852, 
1165134, 1175905, 1187923, 1199126, 1207601, 1212922, 1222195, 
1234199, 1243148, 1250617, 1260726, 1270687, 1279487, 1281009, 
1283297, 1287380, 1291378, 1293765, 1294934, 1307337, 1313253, 
1321402, 1328083, 1338972, 1344715, 1351213, 1356600, 1363407, 
1370919, 1374553, 1385311, 1400596, 1413913, 1421197, 1428409, 
1435286, 1437655, 1444412, 1452210, 1461121, 1464960, 1464985, 
1470051, 1475302, 1477202, 1484223, 1490649, 1500143, 1507807, 
1517351, 1522007, 1528788, 1539040, 1538189, 1543366, 1554815, 
1563122, 1569817, 1577016, 1586379, 1594807, 1602065, 1610656, 
1615157, 1617557, 1617107, 1622054, 1630231, 1634905, 1640311, 
1646493, 1656589, 1664034, 1672393, 1682036, 1690655, 1696182, 
1701418, 1709024, 1720570, 1732392, 1747996, 1768305, 1784757, 
1796094, 1802455, 1813493, 1827598, 1842873, 1845706, 1855033, 
1867862, 1878884, 1892630, 1910804, 1929008, 1941478, 1956043, 
1970213, 1980630, 1994688, 2001323, 2013678, 2026273, 2039083, 
2054742, 2070719, 2089558, 2100774, 2110958, 2116625, 2134312, 
2151954, 2157729, 2170371, 2188113, 2207519, 2228571, 2247711, 
2271070, 2293885, 2309831, 2328647, 2343724, 2362388, 2371407, 
2379082, 2395190, 2406064, 2424172, 2441774, 2460989, 2476517, 
2490071, 2507616, 2517342, 2536327), .Dim = c(480L, 1L), .Dimnames = list(
    NULL, "Total credit"), .Tsp = c(1969, 2008.91666666667, 12
), class = "ts")
`ConsumerCredit` <-
structure(c(11326, 11066, 11084, 11181, 11343, 11551, 11708, 
11775, 11889, 12035, 12392, 12686, 12718, 12695, 12745, 12899, 
13181, 13511, 13734, 13868, 14042, 14232, 14619, 15037, 15172, 
15202, 15337, 15689, 16140, 16461, 16651, 16803, 16990, 17223, 
17584, 17869, 18025, 18120, 18306, 18710, 19102, 19404, 19674, 
19789, 19875, 20071, 20539, 20917, 21047, 21070, 21112, 21286, 
21648, 21999, 22298, 22601, 22795, 23014, 23716, 24143, 24112, 
24131, 24287, 24622, 25085, 25586, 26046, 26374, 26641, 26987, 
27600, 28068, 28193, 28291, 28506, 28821, 29177, 29546, 29889, 
30132, 30353, 30579, 31138, 31654, 31828, 32000, 32363, 32832, 
33327, 33893, 34438, 34792, 35133, 35547, 36126, 36742, 36871, 
36852, 37124, 37691, 38463, 39311, 39927, 40362, 40696, 40872, 
41372, 41717, 41822, 41994, 42305, 42738, 43083, 43354, 43598, 
43817, 44163, 44626, 45630, 46405, 46603, 46694, 47027, 47607, 
48300, 48673, 49017, 49544, 49638, 49557, 48881, 49373, 49107, 
48656, 48421, 48392, 48303, 48175, 47983, 47772, 47632, 47591, 
47723, 48317, 48264, 47704, 47490, 47698, 47894, 48353, 48283, 
48481, 48699, 48588, 49379, 50436, 50615, 50177, 50177, 50374, 
50781, 51354, 51432, 51741, 51982, 52020, 53237, 54438, 55030, 
54861, 55040, 55200, 55652, 56498, 57154, 57661, 58188, 58872, 
60426, 62006, 62303, 62210, 62247, 62393, 62741, 63413, 64390, 
64748, 65162, 65908, 65958, 66811, 67528, 67652, 68282, 69295, 
70418, 71183, 72211, 72815, 73756, 74458, 75337, 76329, 76898, 
76755, 77617, 78628, 79850, 81244, 82112, 82820, 84033, 84782, 
85565, 86112, 86676, 86909, 88042, 88321, 89226, 90584, 91477, 
92100, 93186, 93996, 94768, 96399, 97625, 97557, 98420, 98833, 
99222, 99793, 99739, 99868, 100561, 101069, 101138, 101169, 100993, 
100328, 100682, 101309, 101941, 102184, 102019, 101864, 101966, 
102213, 101892, 102012, 102179, 101360, 102138, 102780, 103368, 
103979, 103773, 103309, 103672, 103650, 102746, 102717, 102754, 
102245, 103348, 103532, 104154, 104856, 105443, 106168, 106940, 
107254, 108048, 109302, 110028, 109618, 111557, 112134, 112441, 
112986, 113577, 113991, 115298, 116189, 117317, 118347, 119153, 
118831, 120239, 120354, 120920, 121558, 122087, 122489, 123929, 
124445, 125404, 125915, 126036, 126291, 128822, 128773, 128704, 
129279, 129575, 129907, 131650, 132829, 133640, 135141, 135801, 
136711, 140305, 140920, 141785, 142722, 143379, 143131, 146080, 
146517, 148361, 150707, 151921, 152758, 155528, 156202, 156887, 
158228, 159147, 158100, 159257, 159728, 159995, 161774, 162074, 
162325, 165196, 165513, 166505, 168070, 168662, 169090, 171277, 
172728, 174396, 177621, 180234, 181340, 185414, 186188, 188342, 
189996, 191180, 192452, 194364, 195716, 196255, 197687, 198830, 
198800, 200106, 200957, 202049, 203756, 204018, 204318, 205327, 
204819, 205313, 206883, 206892, 207521, 210505, 211682, 213165, 
215141, 216306, 218657, 221410, 222697, 223700, 225521, 225281, 
225677, 227594, 229341, 232410, 235822, 239125, 239872, 242079, 
243117, 244617, 246577, 247375, 248567, 252572, 255116, 258836, 
263557, 266188, 268352, 270439, 272571, 274544, 277375, 278914, 
281948, 287580, 291293, 295352, 299293, 302499, 305599, 309519, 
311352, 313156, 316412, 317410, 317476, 320790, 322414, 326419, 
329875, 332034, 334607, 338094, 339014, 341893, 345066, 346164, 
346862, 351397, 353704, 358560, 362796, 366721, 370389, 374359, 
377937, 379660, 382364, 382529, 383767, 387578, 389945, 393924, 
396796, 401107, 404679, 408928, 411107, 410065, 414054), .Dim = c(456L, 
1L), .Dimnames = list(NULL, "Consumer credit"), .Tsp = c(1971, 
2008.91666666667, 12), class = "ts")
