"TotalCredit" <-
structure(c(74902, 75235, 75813, 76655, 77337, 78190, 79025, 
79543, 79949, 80588, 81088, 81622, 81596, 81720, 82049, 82504, 
82769, 83063, 83891, 84377, 84624, 85046, 85582, 86074, 86239, 
86454, 87200, 87933, 88597, 89506, 90501, 91214, 92185, 92873, 
93859, 94837, 95580, 96130, 97117, 98229, 99222, 100139, 101185, 
102253, 103013, 104074, 105293, 106288, 107184, 108290, 109562, 
111062, 112568, 114001, 115469, 116536, 117676, 119151, 120568, 
122651, 124032, 125344, 126960, 129189, 131121, 132922, 135462, 
136913, 138129, 139585, 141532, 143045, 144441, 145888, 147226, 
149002, 150681, 152295, 154287, 155752, 157005, 158595, 160912, 
162291, 163910, 165313, 167746, 169475, 171503, 173934, 176360, 
178049, 180001, 181700, 183809, 186380, 188072, 190525, 193262, 
195339, 197933, 201030, 203927, 206110, 208227, 210757, 212902, 
215034, 217332, 219839, 222742, 225481, 227786, 230159, 233602, 
235661, 238035, 241579, 245165, 249081, 252516, 255417, 259183, 
262681, 266412, 270098, 274938, 278526, 281739, 285904, 288578, 
291886, 294503, 297435, 302110, 306225, 309768, 313315, 317168, 
319151, 321785, 325626, 329749, 333378, 337155, 341917, 347085, 
352978, 358057, 365667, 373407, 378005, 381238, 384725, 387651, 
387196, 388410, 390681, 394322, 395716, 397456, 399331, 401183, 
401728, 401543, 401991, 401297, 401645, 401335, 401873, 403449, 
404396, 404157, 405527, 407561, 409419, 410341, 412065, 413915, 
415172, 415565, 418940, 423659, 426373, 429144, 431338, 435518, 
436492, 437374, 439143, 441546, 443355, 446368, 449301, 454262, 
457678, 459511, 462739, 467369, 472347, 477580, 480406, 484573, 
488173, 491250, 493826, 498906, 504386, 508168, 512625, 517302, 
520050, 524537, 530316, 533536, 538660, 541447, 544456, 550367, 
555606, 562798, 570711, 578418, 583832, 590119, 596466, 603303, 
608154, 610984, 615749, 627323, 633539, 639148, 645854, 652551, 
659266, 667597, 674418, 681784, 686209, 691086, 696334, 704692, 
711496, 720607, 727544, 735332, 742180, 751341, 761514, 768594, 
774632, 781606, 789442, 796991, 803956, 809916, 815008, 820521, 
822377, 826443, 828984, 830975, 832780, 834162, 836097, 840835, 
844355, 846465, 847739, 853684, 857499, 860957, 864486, 865910, 
867503, 868755, 868828, 874461, 877751, 878375, 883526, 886550, 
886047, 890846, 895788, 898139, 897434, 895142, 896410, 900822, 
902293, 906249, 909657, 912219, 916715, 919203, 921646, 927573, 
931318, 931880, 937671, 946910, 956584, 958338, 963652, 969613, 
972316, 977260, 978985, 981090, 985642, 986842, 991176, 997490, 
1000080, 1003897, 1005834, 1012308, 1019691, 1022055, 1024717, 
1030302, 1033640, 1033801, 1038135, 1046267, 1048675, 1054397, 
1060811, 1067065, 1069987, 1076002, 1081864, 1088900, 1095730, 
1102320, 1110431, 1123932, 1131906, 1140143, 1147648, 1155794, 
1165292, 1176492, 1188806, 1199688, 1207994, 1213424, 1222735, 
1234708, 1243894, 1251631, 1261786, 1271863, 1280881, 1282648, 
1284973, 1289231, 1293555, 1296088, 1297324, 1309584, 1315278, 
1323293, 1330073, 1341113, 1346815, 1353372, 1358830, 1365772, 
1373342, 1376940, 1387798, 1403421, 1416993, 1424514, 1432501, 
1440136, 1443585, 1451197, 1458926, 1467747, 1471610, 1473584, 
1478915, 1484856, 1486714, 1493654, 1499865, 1508630, 1516319, 
1526160, 1529915, 1536203, 1545707, 1545838, 1550229, 1560616, 
1567842, 1573107, 1579512, 1588655, 1597012, 1603811, 1611292, 
1615557, 1617546, 1618662, 1625019, 1633987, 1638034, 1642230, 
1649433, 1660675, 1667553, 1675187, 1683489, 1692294, 1698309, 
1704317, 1710587, 1720692, 1732555, 1745738, 1763122, 1778017, 
1789098, 1795052, 1804477, 1817918), .Dim = as.integer(c(431, 
1)), .Dimnames = list(NULL, "Total Credit"), .Tsp = c(1969, 2004.83333333333, 
12), class = "ts", seriesNames = "Total Credit")
"ConsumerCredit" <-
structure(c(11326, 11066, 11084, 11181, 11343, 11551, 11708, 
11775, 11889, 12035, 12392, 12686, 12718, 12695, 12745, 12899, 
13181, 13511, 13734, 13868, 14042, 14232, 14619, 15037, 15172, 
15202, 15337, 15689, 16140, 16461, 16651, 16803, 16990, 17223, 
17584, 17869, 18025, 18120, 18306, 18710, 19102, 19404, 19674, 
19789, 19875, 20071, 20539, 20917, 21047, 21070, 21112, 21286, 
21648, 21999, 22298, 22601, 22795, 23014, 23716, 24143, 24112, 
24131, 24287, 24622, 25085, 25586, 26046, 26374, 26641, 26987, 
27600, 28068, 28193, 28291, 28506, 28821, 29177, 29546, 29889, 
30132, 30353, 30579, 31138, 31654, 31828, 32000, 32363, 32832, 
33327, 33893, 34438, 34792, 35133, 35547, 36126, 36742, 36871, 
36852, 37124, 37691, 38463, 39311, 39927, 40362, 40696, 40872, 
41372, 41717, 41822, 41994, 42305, 42738, 43083, 43354, 43598, 
43817, 44163, 44626, 45630, 46405, 46603, 46694, 47027, 47607, 
48300, 48673, 49017, 49544, 49638, 49557, 48881, 49373, 49107, 
48656, 48421, 48392, 48303, 48175, 47983, 47772, 47632, 47591, 
47723, 48317, 48264, 47704, 47490, 47698, 47894, 48353, 48283, 
48481, 48699, 48588, 49379, 50436, 50615, 50177, 50177, 50374, 
50781, 51354, 51432, 51741, 51982, 52020, 53237, 54438, 55030, 
54861, 55040, 55200, 55652, 56498, 57154, 57661, 58188, 58872, 
60426, 62006, 62303, 62210, 62247, 62393, 62741, 63413, 64390, 
64748, 65162, 65908, 65958, 66811, 67528, 67652, 68282, 69295, 
70418, 71183, 72211, 72815, 73756, 74458, 75337, 76329, 76898, 
76755, 77617, 78628, 79850, 81244, 82112, 82820, 84033, 84782, 
85565, 86112, 86676, 86909, 88042, 88321, 89226, 90584, 91477, 
92100, 93186, 93996, 94768, 96399, 97625, 97557, 98420, 98833, 
99222, 99793, 99739, 99868, 100561, 101069, 101138, 101169, 100993, 
100328, 100682, 101309, 101941, 102184, 102019, 101864, 101966, 
102213, 101892, 102012, 102179, 101360, 102138, 102780, 103368, 
103979, 103773, 103309, 103672, 103650, 102746, 102717, 102754, 
102245, 103348, 103532, 104154, 104856, 105443, 106168, 106940, 
107254, 108048, 109302, 110028, 109618, 111557, 112134, 112441, 
112986, 113577, 113991, 115298, 116189, 117317, 118347, 119153, 
118831, 120239, 120354, 120920, 121558, 122087, 122489, 123929, 
124445, 125404, 125915, 126036, 126291, 128822, 128773, 128704, 
129279, 129575, 129907, 131650, 132829, 133640, 135141, 135801, 
136711, 140305, 140920, 141785, 142722, 143379, 143131, 146080, 
146517, 148361, 150707, 151921, 152758, 155528, 156202, 156887, 
158228, 159147, 158100, 159257, 159728, 159995, 161774, 162315, 
163025, 166355, 166913, 167905, 169470, 170062, 170490, 172677, 
174128, 175796, 179021, 181634, 182740, 186814, 187588, 189742, 
191396, 192580, 193852, 195764, 197116, 197655, 199087, 199989, 
199500, 200347, 200957, 202049, 203756, 204018, 204318, 205327, 
204819, 205313, 206883, 206714, 207004, 209648, 210693, 212271, 
214342, 215425, 217521, 220020, 221345, 222669, 224812, 224795, 
225305, 227335, 228664, 230771, 233222, 236165, 237151, 239584, 
240974, 242964, 245423, 246070, 246463, 249667, 251527, 253916, 
257110, 259546, 262359, 265121, 267899, 269764), .Dim = as.integer(c(407, 
1)), .Dimnames = list(NULL, "Consumer Credit"), .Tsp = c(1971, 
2004.83333333333, 12), class = "ts", seriesNames = "Consumer Credit")
