"TotalCredit" <-
structure(c(74902, 75235, 75813, 76655, 77337, 78190, 79025, 
79543, 79949, 80588, 81088, 81622, 81596, 81720, 82049, 82504, 
82769, 83063, 83891, 84377, 84624, 85046, 85582, 86074, 86239, 
86454, 87200, 87933, 88597, 89506, 90501, 91214, 92185, 92873, 
93859, 94837, 95580, 96130, 97117, 98229, 99222, 100139, 101185, 
102253, 103013, 104074, 105293, 106288, 107184, 108290, 109562, 
111062, 112568, 114001, 115469, 116536, 117676, 119151, 120568, 
122651, 124032, 125344, 126960, 129189, 131121, 132922, 135462, 
136913, 138129, 139585, 141532, 143045, 144447, 145906, 147256, 
149044, 150735, 152361, 154365, 155842, 157107, 158709, 161038, 
162429, 164054, 165457, 167890, 169619, 171647, 174078, 176504, 
178193, 180146, 181844, 183953, 186523, 188216, 190669, 193406, 
195483, 198178, 201373, 204271, 206455, 208571, 211101, 213246, 
215378, 217675, 220182, 223085, 225826, 228131, 230504, 233947, 
236006, 238380, 241925, 245511, 249426, 252861, 255763, 259529, 
263028, 266776, 270482, 275324, 278915, 282128, 286277, 288935, 
292242, 294863, 297799, 302480, 306601, 310149, 313701, 317559, 
319548, 322186, 326032, 330160, 333794, 337573, 342336, 347502, 
353395, 358474, 366085, 373823, 378420, 381653, 385140, 388066, 
387609, 388823, 391094, 394735, 396130, 397872, 399746, 401598, 
402140, 401948, 402391, 401697, 402045, 401735, 402273, 403924, 
404872, 404556, 405926, 407960, 409819, 410739, 412459, 414304, 
415560, 415949, 419318, 424037, 426755, 429531, 431724, 435904, 
436878, 437759, 439527, 441929, 443738, 446751, 449682, 454643, 
458058, 459891, 463117, 467747, 472721, 477948, 480773, 484940, 
488539, 491616, 494191, 499271, 504750, 508529, 512982, 517658, 
520405, 524892, 530655, 533860, 539013, 541830, 544839, 550749, 
555983, 563172, 571085, 578790, 584204, 590489, 596833, 603670, 
608523, 611361, 616111, 627662, 633904, 639546, 646265, 652976, 
659706, 668053, 674886, 682213, 686608, 691500, 696748, 705104, 
711898, 721000, 727937, 735710, 742440, 751499, 761803, 769013, 
775045, 782003, 789829, 797379, 804346, 810304, 815396, 820907, 
822759, 826824, 829327, 831260, 833041, 834421, 836358, 841097, 
844618, 846730, 848006, 853951, 857766, 861227, 864758, 866174, 
867757, 869010, 869081, 874712, 878002, 878625, 883800, 886848, 
886341, 891127, 896058, 898410, 897706, 895391, 896564, 900908, 
902379, 906330, 909738, 912309, 916813, 919302, 921607, 927398, 
931142, 931699, 937399, 946540, 956202, 957975, 963550, 969749, 
972448, 977382, 979072, 981090, 985643, 986878, 991188, 997500, 
999873, 1003496, 1005453, 1011926, 1019312, 1021667, 1024309, 
1029857, 1033161, 1033305, 1037622, 1045753, 1048165, 1053894, 
1060308, 1066560, 1069479, 1075509, 1081409, 1088467, 1095260, 
1101811, 1109875, 1123370, 1131668, 1139872, 1147030, 1155067, 
1164439, 1175335, 1187378, 1198237, 1206483, 1211851, 1221168, 
1233261, 1242428, 1250076, 1260255, 1270311, 1279218, 1280885, 
1283244, 1287293, 1291372, 1293899, 1295123, 1307372, 1313058, 
1321022, 1327743, 1338737, 1344392, 1350922, 1356356, 1363234, 
1370742, 1374318, 1385162, 1400552, 1413904, 1421412, 1429364, 
1436956, 1440374, 1447935, 1455614, 1464440, 1468271, 1470159, 
1475542, 1481661, 1483715, 1490870, 1497323, 1506321, 1514204, 
1524277, 1528456, 1535327, 1545431, 1545504, 1549194, 1558882, 
1565926, 1571502, 1578182, 1587505, 1595933, 1602800, 1610292, 
1614505, 1616439, 1616726, 1621637, 1629565, 1633561, 1638573, 
1646787, 1658202, 1664304, 1671174, 1678899, 1687504, 1692982, 
1698637, 1705494, 1715914, 1727952, 1741492, 1759362, 1774605, 
1785950, 1792509, 1802072, 1815859, 1830293, 1834233, 1843355, 
1855810, 1866467, 1878800, 1895632, 1913814, 1926342, 1941168, 
1953663, 1961940, 1975131), .Dim = as.integer(c(444, 1)), .Dimnames = list(
    NULL, "Total credit"), .Tsp = c(1969, 2005.91666666667, 12
), class = "ts", seriesNames = "Total credit")
"ConsumerCredit" <-
structure(c(11326, 11066, 11084, 11181, 11343, 11551, 11708, 
11775, 11889, 12035, 12392, 12686, 12718, 12695, 12745, 12899, 
13181, 13511, 13734, 13868, 14042, 14232, 14619, 15037, 15172, 
15202, 15337, 15689, 16140, 16461, 16651, 16803, 16990, 17223, 
17584, 17869, 18025, 18120, 18306, 18710, 19102, 19404, 19674, 
19789, 19875, 20071, 20539, 20917, 21047, 21070, 21112, 21286, 
21648, 21999, 22298, 22601, 22795, 23014, 23716, 24143, 24112, 
24131, 24287, 24622, 25085, 25586, 26046, 26374, 26641, 26987, 
27600, 28068, 28193, 28291, 28506, 28821, 29177, 29546, 29889, 
30132, 30353, 30579, 31138, 31654, 31828, 32000, 32363, 32832, 
33327, 33893, 34438, 34792, 35133, 35547, 36126, 36742, 36871, 
36852, 37124, 37691, 38463, 39311, 39927, 40362, 40696, 40872, 
41372, 41717, 41822, 41994, 42305, 42738, 43083, 43354, 43598, 
43817, 44163, 44626, 45630, 46405, 46603, 46694, 47027, 47607, 
48300, 48673, 49017, 49544, 49638, 49557, 48881, 49373, 49107, 
48656, 48421, 48392, 48303, 48175, 47983, 47772, 47632, 47591, 
47723, 48317, 48264, 47704, 47490, 47698, 47894, 48353, 48283, 
48481, 48699, 48588, 49379, 50436, 50615, 50177, 50177, 50374, 
50781, 51354, 51432, 51741, 51982, 52020, 53237, 54438, 55030, 
54861, 55040, 55200, 55652, 56498, 57154, 57661, 58188, 58872, 
60426, 62006, 62303, 62210, 62247, 62393, 62741, 63413, 64390, 
64748, 65162, 65908, 65958, 66811, 67528, 67652, 68282, 69295, 
70418, 71183, 72211, 72815, 73756, 74458, 75337, 76329, 76898, 
76755, 77617, 78628, 79850, 81244, 82112, 82820, 84033, 84782, 
85565, 86112, 86676, 86909, 88042, 88321, 89226, 90584, 91477, 
92100, 93186, 93996, 94768, 96399, 97625, 97557, 98420, 98833, 
99222, 99793, 99739, 99868, 100561, 101069, 101138, 101169, 100993, 
100328, 100682, 101309, 101941, 102184, 102019, 101864, 101966, 
102213, 101892, 102012, 102179, 101360, 102138, 102780, 103368, 
103979, 103773, 103309, 103672, 103650, 102746, 102717, 102754, 
102245, 103348, 103532, 104154, 104856, 105443, 106168, 106940, 
107254, 108048, 109302, 110028, 109618, 111557, 112134, 112441, 
112986, 113577, 113991, 115298, 116189, 117317, 118347, 119153, 
118831, 120239, 120354, 120920, 121558, 122087, 122489, 123929, 
124445, 125404, 125915, 126036, 126291, 128822, 128773, 128704, 
129279, 129575, 129907, 131650, 132829, 133640, 135141, 135801, 
136711, 140305, 140920, 141785, 142722, 143379, 143131, 146080, 
146517, 148361, 150707, 151921, 152758, 155528, 156202, 156887, 
158228, 159147, 158100, 159257, 159728, 159995, 161774, 162074, 
162325, 165196, 165513, 166505, 168070, 168662, 169090, 171277, 
172728, 174396, 177621, 180234, 181340, 185414, 186188, 188342, 
189996, 191180, 192452, 194364, 195716, 196255, 197687, 198830, 
198800, 200106, 200957, 202049, 203756, 204018, 204318, 205327, 
204819, 205313, 206883, 206892, 207521, 210505, 211679, 213156, 
215126, 216291, 218648, 221407, 222735, 223812, 225707, 225513, 
225925, 227858, 229491, 232314, 235481, 238601, 239228, 241315, 
242587, 244676, 247225, 247909, 248280, 251463, 253430, 255942, 
259374, 261956, 264523, 267009, 269111, 270626, 272999, 273475, 
274906, 278933, 281933, 286282, 290463, 293797, 296917, 300857, 
302574, 303661, 306548), .Dim = as.integer(c(420, 1)), .Dimnames = list(
    NULL, "Consumer credit"), .Tsp = c(1971, 2005.91666666667, 
12), class = "ts", seriesNames = "Consumer credit")
